0
10
20
30
40
50
60
UserInfo None.
70
80
90
100
110
120
130
140
150
160
170
180
190
200
210
220
230
240
250
260
270
280
290
300
310
320
330
340
350
360
370
380
390
400
410
UserInfo None.
420
430
440
450
460
470
480
UserInfo None.
490
500
510
520
530
540
550
560
570
580
590
600
610
620
630
640
650
660
670
680
690
700
710
720
730
740
750
760
770
780
790
800
810
820
830
840
850
860
870
880
890
900
910
920
930
940
950
960
970
980
990
1000
1010
1020
1030
1040
1050
1060
1070
1080
1090
1100
1110
1120
1130
1140
1150
1160
1170
1180
UserInfo None.
1190
1200
1210
1220
1230
1240
1250
1260
1270
1280
1290
1300
1310
1320
1330
1340
1350
1360
1370
1380
1390
1400
1410
1420
1430
1440
1450
1460
1470
1480
1490
1500
46515,2130797,0,19,2526,76749,119651,635,27307,42698,221857,7355,169661,1,896,3,2,711485,77,272,619,10,9,19,455,23,227057,8356,1214,36625,2471,11770,45,46688,93981,145530,182713,277,16,73351,0,18,51323,8259,0,6,12,338,1,152443,96166,919,266,129777,10,1,51025,5387,7648,34859,50197,16097,12,18,68636,3,2427,367,46223,0,2,30846,142495,47687,68126,51752,79,113,18,515,8,4479,340766,1149,30996,21504,7,0,9273,17496,513,9,810,151024,609,193993,124273,2,1,37284,426985,65183,678,74,94942,122,1903,320,23,57563,6768,245,90,39416,22040,3,317060,17,98406,761992,1,1,7349,24315,243896,18224,0,17839,5,37678,12,31,16058,80,20,30887,14874,172,77316,10896,0,3,4,817,103,376768,484,1925,172,234347,16,234821,27,1,78194,349,3,12,80210,507061,5,2478,280003,249469,0,70996,129841,2,0,56,144117,237,6,8,99,46,185,3,10486,197858,236675,109,1,33,1297,1113502,21286,41,5321,4201518,17600,4,3,1666,193724,408,3,43763,18617,2,5946,30009,37,60,278810,365,22382,254,2,198773,114898,459,411,540,60942,11,1,8,1083,68887,177268,41597,7,90997,57388,737,1124,3,307,164575,5295,88831,86936,109,3,3,4538,6,143,66285,250405,55651,272,0,2106,2,13,62175,4,0,12,68,22786,44124,3,2,600,504,3782294,43,41806,12,42976,1292,398969,58,389,270,59644,6171,6,232618,113894,305,3200,411,171090,50804,116451,1791952,10,3,31573,20,72676,15041,210829,42670,28,719,14,716,2469072,54912,15,2,5801,14893,496215,41,140237,5,11,11,51648,4,13615,52663,881,1243,2,49,201690,26414,304,3057,3400251,67241,100583,110661,2350,173073,69712,167937,163225,459430,31,3017,226169,20869,173809,16599,58755,500266,1811262,179,26,144850,60225,3765,5682,1,211077,350,53805,4,24,5,0,18074,87799,1964,2695,2011,99861,315,32555,49713,123432,658,6992,5,179803,5,6283,1,610,6,2541,87466,11,196,1678,290,66393,428,407,1,72778,398,43426,290,5154802,0,680537,2,143407,8,180564,232026,0,2045804,33,772402,2321,188398,4,0,1183,54,5581,3,46069,640,21,2,2334977,1,94225,2,48740,955,46954,109186,11,1657,245,12,3,448918,5,282553,7,447272,1,2704,3,56,46197,144395,2,15,11,562,541,10,46,19,83379,22,0,3998,195351,14482,11209,9977,4044,963701,5,1,7,1,12471,37412,446,7,3,350,72611,17,4,355082,259,849,73136,7328,5,85350,20,12821,1619398,81847,437,278863,5,591,34611,8,66780,67,612553,2,3,3810,1297,3,789,301,1,11,16472,2,1234,8,185339,40,10,315,3,1,18957,1935,1118,419740,4790,9,0,1,12,60,92145,423809,182,14,0,18839,763,6135,3,3,67881,144,11,838568,3,9,242,4497,38,70,24830,3,1,1126781,571515,48573,786014,28,76058,371,38786,0,1,259222,50807,10881,384586,2,22,182,655,2438,30,250,2,18747,1,0,499,1,481285,183259,0,91,11382,42994,16,347496,89456,25075,29139,8761,327,37368,2760,2288,11,114046,1779,3,5023,44900,489,9,1934,89683,578,0,482647,66333,1026,74559,117126,107148,769,65859,168043,73620,8,84965,528,0,99680,798,992,57,6851,4432,487,1,764,125239,409,45764,9,144147,1,53010,2,12,68922,15,123566,130471,5,31003,10606,27,7,44653,2845,6,17145,865,16225,6974,18532,19,59411,255,11336,22800,847,140869,144174,0,5086896,56143,220257,326745,3545,9,155597,1,99055,198,51404,23413,103288,523,6,2484462,1,6009,345079,44203,6672,96679,12,12,1007556,8373,92437,28,888,343,6123,29796,582474,2944,2328,5,7,34488,2173,112,1,115,5,118,4,4,68,6,6,6,105441,20406,48038,7,4,6,2793,87111,54927,4,7,2,2,1730,78006,1470,4,26737,83687,38258,4,32584,2671,48867,3,4,124046,16,0,43767,4697,65374,23814,2054,193,7,48344,216854,41,64214,0,26,34874,0,59807,481,0,1708,5993,1,0,95052,126332,47876,228832,1,1147306,141,12,1497,5,558,1,800297,402,7,3,4,320,4,3061,1,4492,81090,5519,2,2,219932,1496,294,1162,21617,1692170,10757,1,0,63064,169643,21643,103267,21425,10619,1,45209,9994,2173,3870,436664,211,43460,2,2,13,45860,1,2965,3,822,4816,7799,1,12,8,2,2600,952,1,6,866668,1813,595,193734,925420,7967,98415,184651,0,128,7,184,563900,44548,7278,74166,31558,16,5257,3,22,15,11,8,323,4,2,5141,6,4,64668,145902,17369,69633,59,3789,27577,0,2,360,76697,42368,76912,7,1,63,155,429,5,275937,3441989,6,452079,0,7,10696,21,22160,3604,1235153,354083,207699,458328,23,4,706563,71854,2,174778,998,25648,2,257109,98571,17408,18466,24,4667800,1,1751,37,19,290,1083,77681,32972,1,5,675,177813,37279,7,94,7,27626,490,49,56390,16,1281,13336,86,80315,35,24,654,16765,2106858,88,5,226428,6,1077,20,243282,707,402,324151,204,6960,65,2376,1838,14,819,3,0,90961,682,5281,648,587,166,62972,2,7054,125870,14818,268760,51761,1,13,302863,19152,53,10950,3,69072,18634,5,15735,39894,26234,141379,16,482958,5521,1505,909060,79,6,5,16824,422,393,1,135361,203306,315576,60248,42204,3,18,32419,8,22,2,47699,103,40,8,2896,546,4,185,2034,8,310361,13088,329,113153,4089,35426,8,6,353623,5,0,1,57759,21544,56822,30769,20,3240,1637478,7,110261,4,283567,0,7,25079,700,17,3,1,3,1,295,9,564,1,1136472,1,88287,2,37432,4023663,47138,733,6,1,12,391,141649,32,67,341443,32,48880,4,5,253,80989,3988,16992,10708,4475,239180,0,6423,813802,374913,4,23,301909,376,3,1558,286224,165910,93307,361461,32,10,74112,8815,87679,471068,138213,26683,130,4,195917,8940,238844,207827,3,14,111,62560,206887,184499,146535,254702,3,2,5344,1677,91,56644,1008307,31108,197129,94727,1104,105565,479,90949,1280,4,22660,48,6,231828,184,100136,4,324724,59098,104619,63425,159075,469,12350,513,3,541401,1134,55485,18966,4,1452,4,37997,24,3295,52226,1,39150,187011,4371,134925,279570,55,135517,628,85621,1162824,4,3825,12,97,16,888,904,108057,781534,3774,569594,989986,0,363,1,13,366837,5404,43584,37730,1,8,26946,45,63261,244,35,33276,84734,379,2,55654,185189,52511,1155,310,42095,10,43891,701,11358,128,3,25,0,8786,274,76,27755,5,51989,4460067,26,322,185673,180641,1,3,2,116823,3654,28249,3,26,9,48483,10,7,10,3417596,3,42945,173700,67876,1,6714,0,37,25,19052,69075,166882,50145,61,2977,7,53030,17,3,447,9661,273,2,33,40,0,61551,994456,71862,309658,11430,93835,47,438015,226,4,113157,27,2024,18105,978,26862,108467,14,19719,54760,868,78866,8,5,394,1070,4021,1189577,2,3,1246,262,1870,3,47128,3120,110609,85695,4,35,24912,52957,8,21586,109747,0,4,4,2822,50914,8,18028,385,8,22,79372,12,237317,377234,89607,10320,168,0,6073,29,86,45,368033,25,601,4,829325,1709,329,10,1367,12876,49397,181138,672,88037,499,2,21138,70385,284949,8,27262,9,1374,28131,5737,208363,388684,105410,8,3,263,7,28005,384,10,480,291,2,4,21494,222631,12609,24,3,251418,7,531,3,46701,0,8,969,181,20721,7253,30,417544,1609,2,1,65,9736,0,5175,15,26202,11622,24,2,142176,7091433,78680,4,236,131905,4830,15,535571,23,44932,0,22,48218,26,67184,13450,49990,5358,285525,3,27394,38,17212,63680,954,145095,4896,168852,29,1159368,13,3,12,44,40121,4,554397,155681,45,3,1,42137,156710,179169,3908,1943606,88590,1090,439,34660,0,0,33,299901,273919,1170,214,424,7202,4036,1,513,27,23,295,150034,26,41325,32835,15,806,98494,3,59362,19059,2,10063,315,1,284835,19806,130,223,897,2,210027,86420,103,9,1,0,179659,43526,1,9449,47305,205844,8977,58339,69606,287,143,77356,306,16619,43417,105,345407,6,21644,198863,3101,4,715316,44,0
